-------------100-------------
Sekv = 38.21082
Par = 60.94487
Sekv/Par = 0.6269735254173157

----------------------------

-------------200-------------
Sekv = 245.86641
Par = 111.93396
Sekv/Par = 2.1965309723697795

----------------------------

-------------500-------------
Sekv = 4885.68187
Par = 1060.10111
Sekv/Par = 4.608694231062545

----------------------------

-------------1000-------------
Sekv = 37257.30998
Par = 7433.55016
Sekv/Par = 5.012047968746066

----------------------------

